RISULTATO PARTITA TOMBOLA
======================================================================
Data: 2026-04-16 15:29:22
Totale estrazioni: 73
Numero vincente: 77

VINCITORE
- Andrea
  Cartella vincente: 08, 11, 13, 18, 27, 31, 46, 53, 57, 59, 68, 70, 77, 83, 89

NUMERI ESTRATTI (ordine cronologico)
45, 34, 85, 58, 32, 54, 80, 83, 15, 35, 81, 40, 73, 05, 64, 14, 67, 29, 33, 22, 43, 21, 44, 66, 10, 71, 13, 07, 06, 48, 69, 89, 79, 46, 70, 82, 57, 88, 24, 84, 59, 50, 37, 65, 75, 86, 17, 55, 49, 19, 08, 11, 18, 02, 42, 60, 23, 61, 31, 52, 09, 47, 41, 36, 20, 28, 53, 68, 78, 27, 39, 72, 77

NUMERI ESTRATTI (ordinati)
02, 05, 06, 07, 08, 09, 10, 11, 13, 14, 15, 17, 18, 19, 20, 21, 22, 23, 24, 27, 28, 29, 31, 32, 33, 34, 35, 36, 37, 39, 40, 41, 42, 43, 44, 45, 46, 47, 48, 49, 50, 52, 53, 54, 55, 57, 58, 59, 60, 61, 64, 65, 66, 67, 68, 69, 70, 71, 72, 73, 75, 77, 78, 79, 80, 81, 82, 83, 84, 85, 86, 88, 89

STATISTICHE FINALI
----------------------------------------------------------------------
1. Andrea | Mancanti migliori: 0 | Cartelle vinte: 1
2. Carla | Mancanti migliori: 2 | Cartelle vinte: 0
3. Marco | Mancanti migliori: 2 | Cartelle vinte: 0
