RISULTATO PARTITA TOMBOLA
======================================================================
Data: 2026-04-16 17:10:17
Totale estrazioni: 85
Numero vincente: 11

VINCITORE
- Luca
  Cartella vincente: 01, 04, 06, 11, 26, 31, 40, 48, 53, 57, 58, 64, 78, 81, 90

PREMI INTERMEDI ASSEGNATI
----------------------------------------------------------------------
1. AMBO (numero estratto: 06)
   - Luca | Cartella 1, Riga 3 [06, 26, 58, 78, 90]
2. TERNA (numero estratto: 90)
   - Luca | Cartella 1, Riga 3 [06, 26, 58, 78, 90]
3. QUATERNA (numero estratto: 26)
   - Luca | Cartella 1, Riga 3 [06, 26, 58, 78, 90]
4. CINQUINA (numero estratto: 78)
   - Luca | Cartella 1, Riga 3 [06, 26, 58, 78, 90]

NUMERI ESTRATTI (ordine cronologico)
58, 69, 20, 81, 30, 34, 25, 23, 42, 44, 59, 22, 12, 84, 82, 64, 06, 27, 86, 47, 90, 63, 73, 09, 16, 33, 24, 72, 56, 77, 28, 89, 29, 50, 19, 79, 43, 26, 87, 66, 15, 71, 37, 75, 88, 61, 65, 51, 83, 31, 78, 39, 62, 40, 17, 14, 57, 54, 03, 52, 41, 85, 10, 70, 48, 45, 55, 49, 80, 53, 21, 38, 74, 76, 08, 02, 32, 46, 13, 04, 68, 35, 01, 60, 11

NUMERI ESTRATTI (ordinati)
01, 02, 03, 04, 06, 08, 09, 10, 11, 12, 13, 14, 15, 16, 17, 19, 20, 21, 22, 23, 24, 25, 26, 27, 28, 29, 30, 31, 32, 33, 34, 35, 37, 38, 39, 40, 41, 42, 43, 44, 45, 46, 47, 48, 49, 50, 51, 52, 53, 54, 55, 56, 57, 58, 59, 60, 61, 62, 63, 64, 65, 66, 68, 69, 70, 71, 72, 73, 74, 75, 76, 77, 78, 79, 80, 81, 82, 83, 84, 85, 86, 87, 88, 89, 90

STATISTICHE FINALI
----------------------------------------------------------------------
1. Luca | Mancanti migliori: 0 | Cartelle vinte: 1
2. Anna | Mancanti migliori: 2 | Cartelle vinte: 0
